2NCH+P                                                      Tot. E =    -25.3625
   1 X     -1    0    0    0.000000   0    0.000000   0    0.000000        0
   2 X     -1    0    1    1.071100   0    0.000000   0    0.000000        0
   3 C      6    6    2    1.443750   1   78.113000   0    0.000000        0
   4 C      6    6    3    1.521132   2   58.118000   1  102.518000        0
   5 C      6    6    4    1.516122   3  110.432550   2  -28.684000        0
   6 C      6    6    5    1.514298   4  111.203706   3   56.389891        0
   7 C      6    6    6    1.505989   5  111.719715   4  305.551491        0
   8 C      6    6    7    1.522350   6  113.610417   5   54.156243        0
   9 H      1    1    8    1.000000   7  109.416000   6   65.783000        0
  10 X     -1    0    9    0.772380   8   90.000000   3  159.558000        0
  11 N      7    7    9    0.950000  10   90.000000   8 -180.000000        0
  12 C      6    6   11    1.358618   9  119.590000  10    6.951000        0
  13 C      6    6   12    1.394191  11  119.856877   9  173.981000        0
  14 C      6    6   13    1.389932  12  120.107874  11    1.081755        0
  15 C      6    6   14    1.392616  13  119.613142  12    0.030435        0
  16 C      6    6   15    1.398054  14  118.495805  13    0.012067        0
  17 N      7    7    8    1.546349   3  110.842782   4  176.148332        0
  18 O      8    8    7    1.220796   6  123.481797   5  233.969455        0
  19 H      1    1    6    1.113111   5  109.717315   4  180.806436        0
  20 H      1    1    6    1.113897   5  110.437946   4   65.323286        0
  21 H      1    1    5    1.111915   6  110.352426   7   68.225417        0
  22 H      1    1    5    1.109743   6  109.195261   7  183.457614        0
  23 H      1    1    4    1.109345   5  110.250131   6  177.395861        0
  24 H      1    1    4    1.114152   5  110.798519   6  294.252033        0
  25 H      1    1    3    1.114093   4  108.844041   5   67.220535        0
  26 H      1    1    3    1.113397   4  108.506550   5  181.942225        0
  27 O      8    8   17    1.215327   8  119.903662   3  339.690592        0
  28 O      8    8   17    1.215144  27  121.550993   8  182.009040        0
  29 H      1    1   16    1.111129  11  115.059461  15  180.070975        0
  30 H      1    1   15    1.103189  16  120.372533  14  180.320502        0
  31 H      1    1   14    1.103940  15  120.322990  13  179.866202        0
  32 H      1    1   13    1.104022  14  120.374619  12  180.143463        0
  33 H      1    1   12    1.108197  13  122.738426  11  178.258024        0
                    Geometry Variations follow    (2I4,F12.6)                   
00110001  1.95
                    Variable Bonds follow         (I4)                          
0004-0008                                                                       
0012-0033                                                                       
                    Additional Bonds follow       (2I4)                         
                    Harmonic Constraints follow   (2I4,4F10.4)                  
                    Variable Bond Angles follow   (I4)                          
0005-0009                                                                       
0011-0033                                                                       
                    Additional Bond Angles follow (3I4)                         
                    Variable Dihedrals follow     (3I4,F12.6)                   
0006-0009                                                                       
0011-0033                                                                       
                    Additional Dihedrals follow   (6I4)                         
                    Domain Definitions follow     (4I4)                         
                    Conformational Search (2I4,2F12.6)                          
                    Local Heating Residues follow (I4 or I4-I4)                 
                    Final blank line                                            
      
 Final Non-Bonded Parameters for QM (PDG CM3 x1.07) Atoms:
      
 800  6 CT  -0.213045  3.500000  0.066000
 801  6 CT  -0.246546  3.500000  0.066000
 802  6 CT  -0.229698  3.500000  0.066000
 803  6 CT  -0.291468  3.500000  0.066000
 804  6 C    0.399683  3.750000  0.105000
 805  6 CT  -0.490164  3.500000  0.066000
 806  1 HC   0.335370  2.500000  0.030000
 807  7 NC  -0.438626  3.250000  0.170000
 808  6 CA   0.017204  3.550000  0.070000
 809  6 CA  -0.218044  3.550000  0.070000
 810  6 CA  -0.106637  3.550000  0.070000
 811  6 CA  -0.213123  3.550000  0.070000
 812  6 CA  -0.008246  3.550000  0.070000
 813  7 NO   0.969081  3.250000  0.120000
 814  8 O   -0.411103  2.960000  0.210000
 815  1 HC   0.151181  2.500000  0.030000
 816  1 HC   0.151181  2.500000  0.030000
 817  1 HC   0.132255  2.500000  0.030000
 818  1 HC   0.132255  2.500000  0.030000
 819  1 HC   0.129302  2.500000  0.030000
 820  1 HC   0.129302  2.500000  0.030000
 821  1 HC   0.142287  2.500000  0.030000
 822  1 HC   0.142287  2.500000  0.030000
 823  8 ON  -0.500181  2.960000  0.170000
 824  8 ON  -0.500181  2.960000  0.170000
 825  1 HA   0.211362  2.420000  0.030000
 826  1 HA   0.203351  2.420000  0.030000
 827  1 HA   0.193215  2.420000  0.030000
 828  1 HA   0.202844  2.420000  0.030000
 829  1 HA   0.224905  2.420000  0.030000
     
